Distance error (pixel)
data3 3.1851736420 6.2993092681 8.8467962246 7.2768904804 9.2153043836 6.0445008108 6.2336769740 3.3901202835 8.4781916927 3.5805961069 
data4 4.4210954681 10.1414496725 8.1638751033 8.3199247763 7.4631521305 2.8816723715 3.8572614338 5.7282665146 11.2050008476 5.6025571695 

Mean: 3.80313455504 8.22037947028 8.50533566395 7.79840762837 8.33922825704 4.46308659115 5.04546920386 4.55919339904 9.84159627017 4.59157663819 
Standard deviation: 0.617960913054 1.92107020218 0.341460560626 0.521517147929 0.876076126572 1.58141421966 1.18820777011 1.16907311555 1.36340457744 1.01098053127 
Mean: 6.5167407677
Standard deviation: 2.3989288754

Distance error (mm)
data3 1.4971006285 3.0167460747 4.2319939813 3.4382033674 4.2467375919 2.9204941704 2.8879765235 1.7109554412 4.2720416754 1.6881130752 
data4 2.0607766456 4.7109691518 3.5358482786 3.5455818722 3.3855424950 1.2899863764 1.6657985287 2.6192392953 4.8959957709 2.5994611501 

Mean: 1.77893863705 3.86385761324 3.88392112996 3.49189261979 3.81614004344 2.10524027338 2.27688752613 2.16509736824 4.58401872313 2.14378711265 
Standard deviation: 0.28183800859 0.847111538537 0.348072851345 0.053689252399 0.430597548471 0.815253896998 0.611088997408 0.454141927016 0.311977047776 0.455674037482 
Mean: 3.0109781047
Standard deviation: 1.0882979446