 0.0000000000 0.0000000000 0.0000000000
157.7497100830 111.3950119019 131.4515991211 
75.8905105591 117.8730392456 133.3118591309 
228.4446411133 105.3121795654 129.6714477539 
161.6379547119 176.0283660889 131.8060455322 
153.0755462646 47.5680847168 131.1322326660 
180.2081909180 125.4519271851 130.5472869873 
183.5634918213 141.6524353027 130.5643310547 
 0.0000000000 0.0000000000 0.0000000000
 0.0000000000 0.0000000000 0.0000000000
186.4950714111 121.6972045898 107.1717071533 
184.5693969727 94.1689071655 107.4004135132 
130.4360351562 113.7568130493 132.3338165283 
 0.0000000000 0.0000000000 0.0000000000
 0.0000000000 0.0000000000 0.0000000000
 0.0000000000 0.0000000000 0.0000000000
