 0.0000000000 0.0000000000 0.0000000000
131.1917266846 93.7921676636 129.9740295410 
53.7268714905 93.2360687256 126.3839416504 
212.3237152100 95.2802124023 133.7333068848 
130.8183898926 158.7433624268 128.0584411621 
132.7443542480 33.5622367859 131.8687133789 
161.7253723145 113.0900802612 131.4372406006 
163.7400817871 126.4637908936 131.2023773193 
 0.0000000000 0.0000000000 0.0000000000
 0.0000000000 0.0000000000 0.0000000000
164.0198822021 104.6325225830 102.8366851807 
163.3674621582 77.7320022583 104.1680679321 
102.5978698730 93.9008789062 128.0337677002 
 0.0000000000 0.0000000000 0.0000000000
 0.0000000000 0.0000000000 0.0000000000
 0.0000000000 0.0000000000 0.0000000000
