114.8364475924 109.6730282286 211.5227682963
155.8876028828 106.1314024375 147.8834845442
73.5393938891 106.1314024375 147.8834845442
242.1571551618 106.1314024375 147.8834845442
156.5411600970 167.7396361018 147.8834845442
156.5411600970 48.3736833771 147.8834845442
183.9905630949 126.0257278915 147.8834845442
183.3370058807 138.8607765717 147.8834845442
0.0000000000 0.0000000000 0.0000000000
0.0000000000 0.0000000000 0.0000000000
189.9344060961 111.2654219093 120.2033876901
190.5498108684 89.4458391532 119.9418159482
124.5168565995 105.4896500034 147.8834845442
97.0674536016 105.4896500034 147.8834845442
115.1536073861 123.4201555305 93.7126426472
115.1325907733 73.1425377589 100.6701023135
